30.28641773950973 -97.73750356177922
30.286319100858364 -97.73754877748763
30.285491025028147 -97.734967882926
30.286710120828783 -97.74113656233126
30.284332740615014 -97.73732962112595
30.288629246720436 -97.73752828633464
30.285559261266304 -97.7394210218289
30.287789755724944 -97.74058693056845
30.2858366816476 -97.74163700136154
30.284735847273478 -97.73729287042725
30.283336222595253 -97.73821793040628
30.28955394113734 -97.73999809789163
30.28459104093581 -97.7302057091222
30.285844847479204 -97.73353037024647
30.285831243819775 -97.73229108399485
30.283592767410195 -97.7411308276927
30.2837569819377 -97.74180608253488
30.283606533908095 -97.74170359866338
30.279970288594253 -97.73329841484319
30.282869511948437 -97.73702924054197
30.283046805591532 -97.73733462835298
